1 7
13 19
25 56
62 68
74 90
96 102
108 118
124 130
136 142
148 164
170 188
194 200
206 212
218 225
231 237
243 281
287 293
299 315
321 327
333 343
349 355
361 367
373 389
395 413
419 425
431 437
443 450
456 462
468 506
512 518
524 540
546 552
558 568
574 580
586 592
598 614
620 638
644 650
656 662
668 675
681 687
693 731
737 743
749 765
771 777
783 793
799 805
811 817
823 839
845 863
869 875
881 887
893 900
906 912
918 956
962 968
974 990
996 1002
1008 1018
1024 1030
1036 1042
1048 1064
1070 1088
1094 1100
1106 1112
1118 1125
1131 1137
1143 1181
1187 1193
1199 1215
1221 1227
1233 1243
1249 1255
1261 1267
1273 1289
1295 1313
1319 1325
1331 1337
1343 1350
1356 1362
1368 1406
1412 1418
1424 1440
1446 1452
1458 1468
1474 1480
1486 1492
1498 1514
1520 1538
1544 1550
1556 1562
1568 1575
1581 1587
1593 1631
1637 1643
1649 1665
1671 1677
1683 1693
1699 1705
1711 1717
1723 1739
1745 1763
1769 1775
1781 1787
1793 1800
1806 1812
1818 1856
1862 1868
1874 1890
1896 1902
1908 1918
1924 1930
1936 1942
1948 1964
1970 1988
1994 2000
2006 2012
2018 2025
2031 2037
2043 2081
2087 2093
2099 2115
2121 2127
2133 2143
2149 2155
2161 2167
2173 2189
2195 2213
2219 2225
2231 2237
